# This file may be used to create an environment using:
# $ conda create --name <env> --file <this file>
# platform: win-64
# created-by: conda 24.11.3
asttokens=3.0.0=pyhd8ed1ab_1
bzip2=1.0.8=h2bbff1b_6
ca-certificates=2025.1.31=h56e8100_0
cffi=1.17.1=pypi_0
colorama=0.4.6=pyhd8ed1ab_1
comm=0.2.2=pyhd8ed1ab_1
contourpy=1.3.1=pypi_0
cpython=3.10.16=py310hd8ed1ab_1
cupy=13.3.0=pypi_0
cycler=0.12.1=pypi_0
debugpy=1.8.12=py310h9e98ed7_0
decorator=5.1.1=pyhd8ed1ab_1
exceptiongroup=1.2.2=pyhd8ed1ab_1
executing=2.1.0=pyhd8ed1ab_1
fastrlock=0.8.3=pypi_0
filelock=3.17.0=pypi_0
fonttools=4.56.0=pypi_0
fsspec=2025.2.0=pypi_0
importlib-metadata=8.6.1=pyha770c72_0
ipykernel=6.29.5=pyh4bbf305_0
ipython=8.32.0=pyh9ab4c32_0
jedi=0.19.2=pyhd8ed1ab_1
jinja2=3.1.5=pypi_0
jupyter_client=8.6.3=pyhd8ed1ab_1
jupyter_core=5.7.2=pyh5737063_1
kiwisolver=1.4.8=pypi_0
krb5=1.21.3=hdf4eb48_0
libffi=3.4.4=hd77b12b_1
libsodium=1.0.20=hc70643c_0
markupsafe=3.0.2=pypi_0
matplotlib=3.10.1=pypi_0
matplotlib-inline=0.1.7=pyhd8ed1ab_1
mpmath=1.3.0=pypi_0
nest-asyncio=1.6.0=pyhd8ed1ab_1
networkx=3.4.2=pypi_0
numpy=2.2.2=pypi_0
openssl=3.4.0=ha4e3fda_1
packaging=24.2=pyhd8ed1ab_2
pandas=2.2.3=pypi_0
parso=0.8.4=pyhd8ed1ab_1
pickleshare=0.7.5=pyhd8ed1ab_1004
pillow=11.1.0=pypi_0
pip=25.0=py310haa95532_0
platformdirs=4.3.6=pyhd8ed1ab_1
prompt-toolkit=3.0.50=pyha770c72_0
psutil=6.1.1=py310ha8f682b_0
pure_eval=0.2.3=pyhd8ed1ab_1
py4j=0.10.9.7=pypi_0
pycparser=2.22=pypi_0
pygments=2.19.1=pyhd8ed1ab_0
pyparsing=3.2.1=pypi_0
pysoundfile=0.9.0.post1=pypi_0
pyspark=3.5.4=pypi_0
python=3.10.16=h4607a30_1
python-dateutil=2.9.0.post0=pyhff2d567_1
python_abi=3.10=2_cp310
pytz=2025.1=pypi_0
pywin32=307=py310h9e98ed7_3
pyzmq=26.2.1=py310h656833d_0
setuptools=75.8.0=py310haa95532_0
six=1.17.0=pyhd8ed1ab_0
sqlite=3.45.3=h2bbff1b_0
stack_data=0.6.3=pyhd8ed1ab_1
sympy=1.13.1=pypi_0
tk=8.6.14=h0416ee5_0
torch=2.6.0+cu126=pypi_0
torchaudio=2.6.0+cu126=pypi_0
torchvision=0.21.0+cu126=pypi_0
tornado=6.4.2=py310ha8f682b_0
traitlets=5.14.3=pyhd8ed1ab_1
typing_extensions=4.12.2=pyha770c72_1
tzdata=2025.1=pypi_0
ucrt=10.0.22621.0=h57928b3_1
vc=14.42=haa95532_4
vc14_runtime=14.42.34433=h6356254_24
vs2015_runtime=14.42.34433=hfef2bbc_24
wcwidth=0.2.13=pyhd8ed1ab_1
wheel=0.45.1=py310haa95532_0
xz=5.4.6=h8cc25b3_1
zeromq=4.3.5=ha9f60a1_7
zipp=3.21.0=pyhd8ed1ab_1
zlib=1.2.13=h8cc25b3_1
